{"nodes": {"3018": {"address": "virtualPost", "lat": 37.9941164, "lon": 23.805845, "uuid": "2"}, "1112": {"address": "virtualPost", "lat": 37.9946714, "lon": 23.7989379, "uuid": "8"}, "1011": {"address": "virtualPost", "lat": 38.0004215, "lon": 23.7985444, "uuid": "3"}, "1044": {"address": "virtualPost", "lat": 38.0012932, "lon": 23.8029016, "uuid": "5"}, "5217": {"address": "virtualPost", "lat": 37.9985029, "lon": 23.80577, "uuid": "9"}, "2197": {"address": "Red Box #2, Mesogeion Aven. 260, Cholargos", "lat": 38.0061812, "lon": 23.7969828, "uuid": "ELTApostalbox5"}, "5166": {"address": "virtualPost", "lat": 38.0053833, "lon": 23.7969261, "uuid": "7"}, "12711": {"address": "Cholargou (Post Office), Aspasias 70, Cholargos ", "lat": 38.0003794, "lon": 23.7930098, "uuid": "ELTApostoffice3"}, "5358": {"address": "virtualPost", "lat": 38.00112, "lon": 23.7934225, "uuid": "6"}, "12710": {"address": "virtualPost", "lat": 37.9986584, "lon": 23.7867395, "uuid": "4"}, "11134": {"address": "VEHICLE DEPO - Mesogeion 395 Ave., Agia Paraskevi", "lat": 38.0119209, "lon": 23.8138158, "uuid": "ELTApostoffice1"}, "16974": {"address": "Papagou (Post Office) , Leukosias 25, Papagou", "lat": 37.9896681, "lon": 23.794275, "uuid": "ELTApostoffice2"}, "11113": {"address": "virtualPost", "lat": 38.0076472, "lon": 23.8024126, "uuid": "1"}, "5308": {"address": "Red Box #1, Mesogeion Aven. 156-158, Papagou", "lat": 37.9988745, "lon": 23.7841931, "uuid": "ELTApostalbox4"}, "17121": {"address": "virtualPost", "lat": 37.9969089, "lon": 23.7953447, "uuid": "0"}}, "edge": [[5166, 2197, 822], [5166, 5358, 898], [5166, 1044, 890], [5166, 11113, 963], [5166, 12711, 813], [5166, 1011, 890], [5166, 5217, 1028], [5166, 17121, 1023], [5166, 12710, 1035], [5166, 5308, 1005], [5308, 12710, 867], [5308, 5358, 812], [5308, 16974, 882], [5308, 2197, 983], [5308, 17121, 853], [5308, 12711, 906], [5308, 5166, 1005], [5358, 11113, 931], [5358, 1044, 844], [5358, 12710, 925], [5358, 17121, 936], [5358, 5308, 812], [5358, 12711, 848], [5358, 2197, 820], [5358, 1112, 852], [5358, 5166, 898], [5358, 1011, 978], [17121, 5308, 853], [17121, 16974, 795], [17121, 5217, 941], [17121, 12710, 962], [17121, 1044, 783], [17121, 3018, 902], [17121, 5358, 936], [17121, 1011, 822], [17121, 1112, 975], [17121, 12711, 1001], [17121, 5166, 1023], [17121, 11113, 1163], [3018, 11134, 1688], [3018, 5217, 687], [3018, 1112, 920], [3018, 16974, 896], [3018, 1011, 964], [3018, 1044, 758], [3018, 17121, 902], [1011, 3018, 964], [1011, 17121, 822], [1011, 2197, 723], [1011, 1044, 701], [1011, 12711, 849], [1011, 1112, 892], [1011, 5166, 890], [1011, 11113, 861], [1011, 5217, 842], [1011, 12710, 1020], [1011, 5358, 978], [12711, 5166, 813], [12711, 2197, 848], [12711, 5358, 848], [12711, 1112, 864], [12711, 5308, 906], [12711, 1011, 849], [12711, 1044, 927], [12711, 16974, 1031], [12711, 17121, 1001], [12711, 11113, 886], [12711, 12710, 1001], [1044, 3018, 758], [1044, 1011, 701], [1044, 17121, 783], [1044, 11134, 984], [1044, 1112, 909], [1044, 5166, 890], [1044, 11113, 624], [1044, 5358, 844], [1044, 2197, 965], [1044, 12711, 927], [1044, 5217, 558], [2197, 1044, 965], [2197, 11113, 780], [2197, 5358, 820], [2197, 1011, 723], [2197, 5166, 822], [2197, 12711, 848], [2197, 12710, 991], [2197, 5308, 983], [1112, 16974, 718], [1112, 1044, 909], [1112, 3018, 920], [1112, 5217, 927], [1112, 1011, 892], [1112, 12711, 864], [1112, 12710, 945], [1112, 5358, 852], [1112, 17121, 975], [11113, 2197, 780], [11113, 11134, 697], [11113, 5166, 963], [11113, 12711, 886], [11113, 1044, 624], [11113, 1011, 861], [11113, 17121, 1163], [11113, 5358, 931], [11113, 5217, 847], [16974, 1112, 718], [16974, 12710, 795], [16974, 3018, 896], [16974, 17121, 795], [16974, 5308, 882], [16974, 12711, 1031], [12710, 1011, 1020], [12710, 17121, 962], [12710, 16974, 795], [12710, 5308, 867], [12710, 2197, 991], [12710, 5358, 925], [12710, 1112, 945], [12710, 5166, 1035], [12710, 12711, 1001], [11134, 11113, 697], [11134, 1044, 984], [11134, 3018, 1688], [5217, 1011, 842], [5217, 3018, 687], [5217, 1112, 927], [5217, 1044, 558], [5217, 11113, 847], [5217, 17121, 941], [5217, 5166, 1028]]}