{"nodes": {"1166": {"address": "virtualPost", "lat": 38.0007841, "lon": 23.8036884, "uuid": "5"}, "3018": {"address": "virtualPost", "lat": 37.9941164, "lon": 23.805845, "uuid": "8"}, "1109": {"address": "virtualPost", "lat": 37.9951479, "lon": 23.7983653, "uuid": "0"}, "1060": {"address": "virtualPost", "lat": 38.0002419, "lon": 23.7939854, "uuid": "4"}, "2197": {"address": "Red Box #2, Mesogeion Aven. 260, Cholargos", "lat": 38.0061812, "lon": 23.7969828, "uuid": "ELTApostalbox5"}, "3707": {"address": "virtualPost", "lat": 38.0137354, "lon": 23.8495674, "uuid": "1"}, "5166": {"address": "virtualPost", "lat": 38.0053833, "lon": 23.7969261, "uuid": "2"}, "5181": {"address": "virtualPost", "lat": 37.9995355, "lon": 23.7981684, "uuid": "6"}, "12711": {"address": "Cholargou (Post Office), Aspasias 70, Cholargos ", "lat": 38.0003794, "lon": 23.7930098, "uuid": "ELTApostoffice3"}, "2238": {"address": "virtualPost", "lat": 38.0175652, "lon": 23.8008669, "uuid": "7"}, "12710": {"address": "virtualPost", "lat": 37.9986584, "lon": 23.7867395, "uuid": "9"}, "11134": {"address": "VEHICLE DEPO - Mesogeion 395 Ave., Agia Paraskevi", "lat": 38.0119209, "lon": 23.8138158, "uuid": "ELTApostoffice1"}, "16974": {"address": "Papagou (Post Office) , Leukosias 25, Papagou", "lat": 37.9896681, "lon": 23.794275, "uuid": "ELTApostoffice2"}, "11113": {"address": "virtualPost", "lat": 38.0076472, "lon": 23.8024126, "uuid": "3"}, "5308": {"address": "Red Box #1, Mesogeion Aven. 156-158, Papagou", "lat": 37.9988745, "lon": 23.7841931, "uuid": "ELTApostalbox4"}}, "edge": [[1060, 5308, 799], [1060, 12710, 974], [1060, 1109, 831], [1060, 2197, 984], [1060, 11113, 958], [1060, 5166, 898], [1060, 3018, 966], [1060, 12711, 774], [1060, 1166, 943], [1060, 16974, 1002], [3018, 11134, 1688], [3018, 1166, 589], [3018, 16974, 896], [3018, 3707, 4152], [3018, 1109, 967], [3018, 5181, 900], [3018, 1060, 966], [1166, 11113, 624], [1166, 5181, 785], [1166, 1109, 875], [1166, 5166, 915], [1166, 1060, 943], [1166, 11134, 1044], [1166, 3018, 589], [1166, 12711, 927], [1166, 2197, 981], [1109, 3018, 967], [1109, 5181, 838], [1109, 16974, 718], [1109, 12710, 930], [1109, 12711, 864], [1109, 1166, 875], [1109, 1060, 831], [5166, 2197, 822], [5166, 11113, 963], [5166, 1166, 915], [5166, 12711, 813], [5166, 5181, 890], [5166, 5308, 1003], [5166, 1060, 898], [5166, 12710, 1035], [2197, 1060, 984], [2197, 11113, 815], [2197, 5181, 723], [2197, 5308, 977], [2197, 2238, 918], [2197, 5166, 822], [2197, 12711, 820], [2197, 1166, 981], [2197, 12710, 985], [5308, 1060, 799], [5308, 12710, 867], [5308, 16974, 882], [5308, 12711, 848], [5308, 2197, 977], [5308, 5166, 1003], [11113, 1166, 624], [11113, 11134, 697], [11113, 1060, 958], [11113, 5166, 963], [11113, 2197, 815], [11113, 2238, 780], [11113, 5181, 945], [11113, 12711, 886], [12710, 1060, 974], [12710, 2197, 985], [12710, 5308, 867], [12710, 1109, 930], [12710, 12711, 986], [12710, 5166, 1035], [12710, 5181, 894], [12710, 16974, 795], [5181, 3018, 900], [5181, 5166, 890], [5181, 2197, 723], [5181, 1166, 785], [5181, 1109, 838], [5181, 12710, 894], [5181, 11113, 945], [5181, 12711, 849], [5181, 16974, 922], [11134, 1166, 1044], [11134, 3707, 2464], [11134, 11113, 697], [11134, 2238, 956], [11134, 3018, 1688], [12711, 2197, 820], [12711, 5181, 849], [12711, 5166, 813], [12711, 5308, 848], [12711, 1109, 864], [12711, 1166, 927], [12711, 1060, 774], [12711, 12710, 986], [12711, 16974, 1019], [12711, 11113, 886], [3707, 11134, 2464], [3707, 3018, 4152], [16974, 12711, 1019], [16974, 3018, 896], [16974, 5308, 882], [16974, 1109, 718], [16974, 12710, 795], [16974, 1060, 1002], [16974, 5181, 922], [2238, 11113, 780], [2238, 2197, 918], [2238, 11134, 956]]}