{"nodes": {"1045": {"address": "address", "lat": 38.001211, "lon": 23.8028264, "uuid": "0"}, "3018": {"address": "address", "lat": 37.9941164, "lon": 23.805845, "uuid": "4"}, "1056": {"address": "address", "lat": 38.0018869, "lon": 23.7938809, "uuid": "2"}, "5245": {"address": "address", "lat": 37.9967929, "lon": 23.7981465, "uuid": "3"}, "2197": {"address": "Red Box #2, Mesogeion Aven. 260, Cholargos", "lat": 38.0061812, "lon": 23.7969828, "uuid": "ELTApostalbox5"}, "16448": {"address": "address", "lat": 38.0076209, "lon": 23.8017221, "uuid": "5"}, "3707": {"address": "address", "lat": 38.0137354, "lon": 23.8495674, "uuid": "1"}, "12711": {"address": "Cholargou (Post Office), Aspasias 70, Cholargos ", "lat": 38.0003794, "lon": 23.7930098, "uuid": "ELTApostoffice3"}, "11134": {"address": "VEHICLE DEPO - Mesogeion 395 Ave., Agia Paraskevi", "lat": 38.0119209, "lon": 23.8138158, "uuid": "ELTApostoffice1"}, "16974": {"address": "Papagou (Post Office) , Leukosias 25, Papagou", "lat": 37.9896681, "lon": 23.794275, "uuid": "ELTApostoffice2"}, "5308": {"address": "Red Box #1, Mesogeion Aven. 156-158, Papagou", "lat": 37.9988745, "lon": 23.7841931, "uuid": "ELTApostalbox4"}}, "edge": [[16448, 11134, 718], [16448, 2197, 763], [16448, 1045, 588], [16448, 1056, 852], [16448, 12711, 813], [1045, 12711, 834], [1045, 3018, 547], [1045, 5245, 772], [1045, 11134, 984], [1045, 16448, 588], [1045, 1056, 833], [1045, 2197, 723], [3018, 11134, 1688], [3018, 5245, 946], [3018, 16974, 896], [3018, 1045, 547], [3018, 3707, 4152], [3018, 12711, 1052], [1056, 5308, 867], [1056, 2197, 820], [1056, 5245, 858], [1056, 1045, 833], [1056, 12711, 848], [1056, 16448, 852], [12711, 1045, 834], [12711, 5245, 849], [12711, 2197, 848], [12711, 5308, 853], [12711, 16974, 811], [12711, 16448, 813], [12711, 1056, 848], [12711, 3018, 1052], [11134, 16448, 718], [11134, 3707, 2464], [11134, 3018, 1688], [11134, 1045, 984], [5308, 16974, 795], [5308, 1056, 867], [5308, 12711, 853], [5308, 2197, 983], [5308, 5245, 1008], [5245, 12711, 849], [5245, 16974, 718], [5245, 3018, 946], [5245, 1056, 858], [5245, 1045, 772], [5245, 2197, 1016], [5245, 5308, 1008], [3707, 11134, 2464], [3707, 3018, 4152], [16974, 5245, 718], [16974, 12711, 811], [16974, 3018, 896], [16974, 5308, 795], [2197, 16448, 763], [2197, 1056, 820], [2197, 1045, 723], [2197, 12711, 848], [2197, 5308, 983], [2197, 5245, 1016]]}