{"nodes": {"5230": {"address": "virtualPost", "lat": 38.000758, "lon": 23.803741, "uuid": "4"}, "3018": {"address": "virtualPost", "lat": 37.9941164, "lon": 23.805845, "uuid": "6"}, "1126": {"address": "virtualPost", "lat": 38.0020774, "lon": 23.7992856, "uuid": "11"}, "1112": {"address": "virtualPost", "lat": 37.9946714, "lon": 23.7989379, "uuid": "1"}, "2197": {"address": "Red Box #2, Mesogeion Aven. 260, Cholargos", "lat": 38.0061812, "lon": 23.7969828, "uuid": "ELTApostalbox5"}, "3707": {"address": "virtualPost", "lat": 38.0137354, "lon": 23.8495674, "uuid": "2"}, "5166": {"address": "virtualPost", "lat": 38.0053833, "lon": 23.7969261, "uuid": "10"}, "12711": {"address": "Cholargou (Post Office), Aspasias 70, Cholargos ", "lat": 38.0003794, "lon": 23.7930098, "uuid": "ELTApostoffice3"}, "5358": {"address": "virtualPost", "lat": 38.00112, "lon": 23.7934225, "uuid": "3"}, "2238": {"address": "virtualPost", "lat": 38.0175652, "lon": 23.8008669, "uuid": "7"}, "12710": {"address": "virtualPost", "lat": 37.9986584, "lon": 23.7867395, "uuid": "8"}, "11134": {"address": "VEHICLE DEPO - Mesogeion 395 Ave., Agia Paraskevi", "lat": 38.0119209, "lon": 23.8138158, "uuid": "ELTApostoffice1"}, "16974": {"address": "Papagou (Post Office) , Leukosias 25, Papagou", "lat": 37.9896681, "lon": 23.794275, "uuid": "ELTApostoffice2"}, "5236": {"address": "virtualPost", "lat": 37.998633, "lon": 23.7991732, "uuid": "5"}, "11113": {"address": "virtualPost", "lat": 38.0076472, "lon": 23.8024126, "uuid": "0"}, "5308": {"address": "Red Box #1, Mesogeion Aven. 156-158, Papagou", "lat": 37.9988745, "lon": 23.7841931, "uuid": "ELTApostalbox4"}, "17120": {"address": "virtualPost", "lat": 37.9973247, "lon": 23.79588, "uuid": "9"}}, "edge": [[5166, 2197, 822], [5166, 5358, 898], [5166, 11113, 963], [5166, 5236, 890], [5166, 5230, 915], [5166, 12711, 813], [5166, 17120, 1024], [5166, 1126, 971], [5166, 12710, 1035], [5166, 5308, 1005], [3018, 17120, 883], [3018, 11134, 1688], [3018, 3707, 4152], [3018, 5230, 752], [3018, 1112, 920], [3018, 1126, 854], [3018, 16974, 896], [3018, 5236, 880], [5308, 12710, 867], [5308, 5358, 812], [5308, 16974, 882], [5308, 12711, 853], [5308, 2197, 983], [5308, 17120, 971], [5308, 5166, 1005], [5358, 11113, 931], [5358, 1126, 970], [5358, 12710, 925], [5358, 17120, 936], [5358, 5308, 812], [5358, 12711, 848], [5358, 5230, 843], [5358, 2197, 820], [5358, 1112, 852], [5358, 5166, 898], [5358, 5236, 877], [5230, 11113, 624], [5230, 3018, 752], [5230, 17120, 941], [5230, 1126, 694], [5230, 1112, 880], [5230, 11134, 984], [5230, 5236, 704], [5230, 5166, 915], [5230, 5358, 843], [5230, 2197, 1000], [12711, 1126, 886], [12711, 5166, 813], [12711, 2197, 848], [12711, 5358, 848], [12711, 1112, 946], [12711, 5308, 853], [12711, 16974, 1019], [12711, 5236, 849], [12711, 12710, 1001], [12711, 17120, 1001], [5236, 5358, 877], [5236, 5166, 890], [5236, 3018, 880], [5236, 2197, 848], [5236, 11113, 1018], [5236, 1112, 844], [5236, 12710, 849], [5236, 5230, 704], [5236, 12711, 849], [5236, 17120, 819], [1126, 5230, 694], [1126, 2197, 694], [1126, 17120, 959], [1126, 11113, 883], [1126, 5166, 971], [1126, 12711, 886], [1126, 3018, 854], [1126, 1112, 867], [1126, 5358, 970], [1126, 12710, 1026], [17120, 16974, 817], [17120, 5230, 941], [17120, 5308, 971], [17120, 3018, 883], [17120, 12710, 974], [17120, 1126, 959], [17120, 5358, 936], [17120, 5236, 819], [17120, 2197, 992], [17120, 5166, 1024], [17120, 1112, 760], [17120, 12711, 1001], [11113, 5230, 624], [11113, 2197, 815], [11113, 2238, 780], [11113, 1126, 883], [11113, 11134, 697], [11113, 5166, 963], [11113, 5358, 931], [11113, 5236, 1018], [1112, 16974, 718], [1112, 5236, 844], [1112, 3018, 920], [1112, 1126, 867], [1112, 12711, 946], [1112, 5230, 880], [1112, 12710, 945], [1112, 17120, 760], [1112, 5358, 852], [1112, 3707, 5907], [2197, 11113, 815], [2197, 1126, 694], [2197, 5358, 820], [2197, 5236, 848], [2197, 5166, 822], [2197, 2238, 918], [2197, 5230, 1000], [2197, 12711, 848], [2197, 17120, 992], [2197, 12710, 991], [2197, 5308, 983], [16974, 1112, 718], [16974, 12710, 795], [16974, 3018, 896], [16974, 17120, 817], [16974, 5308, 882], [16974, 12711, 1019], [11134, 11113, 697], [11134, 2238, 956], [11134, 5230, 984], [11134, 3707, 2464], [11134, 3018, 1688], [3707, 11134, 2464], [3707, 3018, 4152], [3707, 1112, 5907], [12710, 16974, 795], [12710, 5308, 867], [12710, 2197, 991], [12710, 5358, 925], [12710, 17120, 974], [12710, 1112, 945], [12710, 5166, 1035], [12710, 5236, 849], [12710, 12711, 1001], [12710, 1126, 1026], [2238, 11134, 956], [2238, 11113, 780], [2238, 2197, 918]]}